672208.61  159116.38   21
672167.04  159138.52   22
672171.94  159164.34   22
672169.47  159182.14   22
672158.47  159208.63   22
672157.16  159222.74   22
672160.75  159227.30   22
672166.93  159228.13   22
672174.51  159230.99   22
672170.96  159239.51   22
672174.72  159246.45   22
672207.51  159260.28   22
672223.31  159263.90   22
672242.11  159270.43   22
672261.11  159274.92   22
672265.37  159284.76   22
672270.78  159299.45   22
672280.92  159282.71   22
672297.24  159275.94   22
672315.38  159301.30   22
672332.33  159335.70   22
672345.26  159347.07   22
672354.34  159356.98   22
672379.00  159372.98   22
672382.86  159399.73   22
672391.73  159423.58   22
672396.80  159448.90   22
672386.72  159442.23   22
672397.69  159467.74   22
672403.45  159495.32   22
672387.71  159493.90   22
672392.60  159506.30   22
672405.98  159528.07   22
672411.84  159560.27   22
672434.12  159644.15   22
672439.05  159672.95   22
672444.95  159718.56   22
672443.74  159749.29   22
672431.24  159764.13   22
672415.18  159764.32   22
672412.85  159781.05   22
672407.77  159803.74   22
672411.22  159819.59   22
672398.85  159828.79   22
672392.57  159835.11   22
672394.14  159851.64   22
672404.50  159864.12   22
672408.32  159886.68   22
672403.43  159918.92   22
672398.34  159945.88   22
672392.25  159972.53   22
672383.59  159986.78   22
672371.80  159989.35   22
672357.12  159996.91   22
672356.38  160017.98   22
672353.63  160037.30   22
672341.61  160055.38   22
672339.63  160063.69   22
672330.08  160083.42   22
672329.21  160109.00   22
672323.38  160138.00   22
672309.94  160157.80   22
672294.50  160172.63   22
672283.99  160180.36   22
672261.40  160176.54   22
672229.26  160172.48   22
672229.17  160197.66   22
672209.22  160191.79   22
672213.69  160212.91   22
672210.42  160234.26   22
672200.77  160251.30   22
672186.55  160283.23   22
672164.25  160310.28   22
672121.16  160358.12   22
672094.73  160395.69   22
672070.09  160425.57   22
672049.38  160457.33   22
672034.69  160484.05   22
672017.92  160528.64   22
672003.00  160569.52   22
671992.51  160599.47   22
671982.31  160629.88   22
671979.79  160654.27   22
671982.12  160689.20   22
671974.68  160752.64   22
671969.93  160778.77   22
671959.21  160812.45   22
671969.47  160837.17   22
671968.35  160879.02   22
671955.36  160900.51   22
671945.97  160921.33   22
671924.38  160973.23   22
671908.94  161003.02   22
671892.68  161025.75   22
671855.66  161068.20   22
671835.93  161096.82   22
671825.15  161121.01   22
671802.86  161156.68   22
671784.99  161183.31   22
671766.14  161218.74   22
671701.38  161206.82   22
671659.99  161260.59   22
671612.74  161291.05   22
671607.21  161331.56   22
671658.90  161366.33   22
671668.58  161420.54   22
671671.30  161483.28   22
671664.26  161523.38   22
671647.94  161577.98   22
671643.32  161630.64   22
671657.42  161669.26   22
671700.84  161708.87   22
671730.48  161789.01   22
671743.58  161864.59   22
671770.82  161958.95   22
671781.56  162032.92   22
671800.81  162099.61   22
671829.53  162168.14   22
671862.33  162234.60   22
671870.25  162303.06   22
671878.99  162343.09   22
671871.28  162397.39   22
671884.43  162451.60   22
671896.21  162502.90   22
671910.39  162548.88   22
671924.30  162601.88   22
671943.14  162651.82   22
671964.63  162701.36   22
671999.57  162743.29   22
672026.57  162791.10   22
672057.04  162832.37   22
672084.30  162853.64   22
672117.79  162847.95   22
672148.42  162858.68   22
672191.42  162880.99   22
672221.24  162895.04   22
672240.52  162909.54   22
672266.24  162911.45   22
672302.21  162909.72   22
672342.00  162913.15   22
672384.21  162896.69   22
672406.30  162875.12   22
672437.97  162881.74   22
672502.17  162899.14   22
672522.47  162894.17   22
672554.20  162891.08   22
672599.17  162890.53   22
672638.50  162897.59   22
672664.55  162901.02   22
672697.02  162897.46   22
672722.47  162888.85   22
672755.49  162903.30   22
672790.32  162928.22   22
672820.17  162950.60   22
672847.08  162969.52   22
672868.19  162991.88   22
672897.53  163022.17   22
672916.20  163041.83   22
672905.75  163056.29   22
672930.19  163084.57   22
672954.42  163122.32   22
672972.51  163150.06   22
672985.21  163161.38   22
672989.55  163187.51   22
673006.34  163216.25   22
673021.06  163251.06   22
673029.87  163280.23   22
673025.25  163299.37   22
673012.33  163307.96   22
673024.76  163333.16   22
673043.07  163360.15   22
673045.48  163384.39   22
673040.13  163413.75   22
673057.41  163444.12   22
673041.22  163470.73   22
673017.42  163449.16   22
673002.88  163471.33   22
672990.08  163493.12   22
672986.57  163530.22   22
673031.85  163564.39   22
673050.99  163590.96   22
673050.80  163619.68   22
673033.40  163637.33   22
673003.91  163648.17   22
672957.43  163620.82   22
672924.53  163613.27   22
672872.59  163557.75   22
672829.99  163527.73   22
672791.75  163496.58   22
672777.43  163489.86   22
672712.67  163465.19   22
672696.95  163474.04   22
672676.71  163492.93   22
672668.24  163515.10   22
672651.79  163547.31   22
672646.96  163570.15   22
672642.48  163603.61   22
672658.94  163636.30   22
672670.83  163668.85   22
672668.20  163694.23   22
672651.21  163723.07   22
672652.88  163721.55   22
672647.41  163723.70   22
672652.66  163756.42   22
672658.04  163780.49   22
672651.59  163791.20   22
672646.15  163796.80   22
672651.89  163827.44   22
672671.55  163847.54   22
672693.63  163878.48   22
672705.59  163898.58   22
672738.08  163927.63   22
672726.35  163956.61   22
672707.79  163975.03   22
672691.03  163986.08   22
672671.88  163992.54   22
672642.23  163991.53   22
672603.44  163993.99   22
672590.70  163993.88   22
672570.29  164003.27   22
672554.18  164015.00   22
672534.84  164015.59   22
672510.41  164021.89   22
672483.19  164026.72   22
672449.33  164028.93   22
672423.53  164032.99   22
672404.68  164042.27   22
672384.46  164057.06   22
672366.49  164062.60   22
672354.30  164068.16   22
672333.25  164080.96   22
672309.69  164102.05   22
672287.85  164110.27   22
672269.77  164123.09   22
672261.52  164136.48   22
672250.26  164144.38   22
672248.66  164153.28   22
672239.73  164159.05   22
672230.26  164156.86   22
672217.45  164168.76   22
672202.64  164178.98   22
672197.10  164190.86   22
672187.01  164193.80   22
672177.53  164219.13   22
672180.20  164237.65   22
672175.51  164254.02   22
672174.68  164270.46   22
672166.01  164321.21   22
672165.63  164339.62   22
672164.59  164353.98   22
672160.33  164367.58   22
672156.70  164378.68   22
672160.05  164389.79   22
672153.47  164395.79   22
672161.23  164406.66   22
672161.45  164413.40   22
672153.43  164423.79   22
672139.38  164434.83   22
672130.16  164428.78   22
672118.40  164436.26   22
672105.18  164441.72   22
672098.32  164457.65   22
672086.05  164473.85   22
672071.32  164497.81   22
672057.35  164502.19   22
672051.43  164515.38   22
672050.03  164525.33   22
672053.34  164539.10   22
672044.62  164553.67   22
672035.98  164563.03   22
672017.66  164577.60   22
672008.65  164589.43   22
671998.33  164598.69   22
671995.21  164609.95   22
671986.86  164625.44   22
671982.13  164635.57   22
671972.15  164644.24   22
671961.60  164661.32   22
671955.96  164666.74   22
671949.73  164672.63   22
671943.40  164680.11   22
671926.81  164691.17   22
671921.09  164702.01   22
671923.82  164712.69   22
671920.94  164724.27   22
671912.57  164726.49   22
671906.70  164728.75   22
671899.61  164738.04   22
671891.98  164746.34   22
671888.30  164754.21   22
671879.93  164758.50   22
671872.01  164763.13   22
671863.42  164768.92   22
671857.16  164778.04   22
671851.75  164784.64   22
671839.14  164802.96   22
671828.68  164819.27   22
671823.64  164823.95   22
671820.35  164832.49   22
671815.41  164845.27   22
671815.44  164850.22   22
671805.34  164862.89   22
671795.79  164874.31   22
671793.57  164879.47   22
671787.08  164886.64   22
671779.86  164904.96   22
671770.67  164911.92   22
671766.83  164921.02   22
671760.29  164929.14   22
671752.52  164936.19   22
671753.84  164948.03   22
671747.76  164958.33   22
671735.46  164977.23   22
671722.93  164983.33   22
671720.16  165012.14   22
671725.05  165023.39   22
671735.90  165022.18   22
671749.31  165011.66   22
671756.03  165015.79   22
671770.37  165024.57   22
671774.08  165033.38   22
671778.12  165045.86   22
671780.73  165057.05   22
671765.03  165065.58   22
671766.37  165075.83   22
671783.26  165079.70   22
671804.30  165084.25   22
671817.39  165091.76   22
671835.15  165099.77   22
671859.44  165109.27   22
671879.61  165113.25   22
671896.09  165117.48   22
671907.54  165120.40   22
671925.42  165128.55   22
671938.26  165133.84   22
671962.57  165135.58   22
671981.43  165140.44   22
671997.91  165142.77   22
672012.03  165144.95   22
672025.18  165143.37   22
672034.93  165141.10   22
672050.88  165140.12   22
672062.29  165142.18   22
672065.93  165145.38   22
672066.40  165153.63   22
672075.30  165165.39   22
672080.29  165181.90   22
672223.07  165356.73   22
672248.01  165378.55   22
672258.49  165385.07   22
672276.29  165401.99   22
672286.17  165415.41   22
672303.34  165424.42   22
672321.07  165434.88   22
672327.44  165440.41   22
672343.29  165458.85   22
672370.12  165471.23   22
672386.21  165480.47   22
672392.48  165495.03   22
672397.77  165516.95   22
672395.77  165540.51   22
672395.02  165567.42   22
672389.86  165589.11   22
672386.17  165611.53   22
672378.94  165635.36   22
672375.36  165651.68   22
672365.62  165664.20   22
672374.83  165680.71   22
672395.39  165713.24   22
672408.49  165736.25   22
672430.97  165752.65   22
672449.66  165767.87   22
672465.02  165782.32   22
672474.56  165792.23   22
672487.12  165805.47   22
672502.53  165811.18   22
672517.02  165816.27   22
672538.55  165821.89   22
672546.40  165821.01   22
672551.63  165828.23   22
672564.99  165832.82   22
672588.03  165830.91   22
672604.19  165835.42   22
672609.30  165841.17   22
672617.05  165845.36   22
672623.34  165848.69   22
672626.73  165859.11   22
672634.25  165863.59   22
672638.39  165862.04   22
672641.84  165873.54   22
672654.69  165876.08   22
672674.91  165881.87   22
672690.92  165890.38   22
672702.00  165899.65   22
672702.30  165912.07   22
672703.52  165933.73   22
672703.58  165956.60   22
672703.98  165979.58   22
672704.44  165999.04   22
672694.59  166017.80   22
672694.18  166027.76   22
672701.37  166049.62   22
672713.09  166067.98   22
672730.40  166098.14   22
672741.44  166123.82   22
672752.88  166145.39   22
672762.26  166167.34   22
672766.81  166182.62   22
672771.09  166195.29   22
672785.47  166212.48   22
672805.71  166232.27   22
672826.67  166261.29   22
672842.11  166277.94   22
672854.19  166293.35   22
672862.35  166301.87   22
672872.71  166314.46   22
672883.93  166326.45   22
672891.70  166343.95   22
672905.78  166350.14   22
672923.07  166360.10   22
672960.57  166390.38   22
672975.58  166401.62   22
672999.57  166412.61   22
673019.39  166419.28   22
673048.07  166420.75   22
673061.17  166407.02   22
673078.92  166392.55   22
673087.97  166376.75   22
673095.03  166360.40   22
673099.49  166357.32   22
673112.45  166364.12   22
673124.49  166372.72   22
673130.62  166367.08   22
673114.35  166349.13   22
673103.35  166332.32   22
673100.29  166318.00   22
673106.77  166301.36   22
673111.79  166287.24   22
673118.98  166266.81   22
673116.48  166249.73   22
673106.35  166229.45   22
673100.13  166211.27   22
673097.39  166196.62   22
673096.36  166186.26   22
673099.98  166176.80   22
673109.17  166162.22   22
673112.19  166146.30   22
673122.46  166156.25   22
673131.99  166166.42   22
673132.72  166187.57   22
673141.40  166211.15   22
673142.30  166237.14   22
673150.22  166250.90   22
673148.03  166278.07   22
673140.93  166300.50   22
673142.75  166323.61   22
673143.92  166345.31   22
673143.92  166369.86   22
673146.40  166392.06   22
673169.75  166426.06   22
673181.57  166455.10   22
673189.82  166478.70   22
673198.74  166500.50   22
673209.29  166530.50   22
673214.89  166556.39   22
673218.40  166572.26   22
673221.35  166592.60   22
673228.16  166611.89   22
673232.62  166627.33   22
673236.89  166661.10   22
673221.41  166657.98   22
673234.40  166674.13   22
673239.66  166691.34   22
673248.17  166710.30   22
673246.21  166727.15   22
673252.69  166747.63   22
673262.01  166767.46   22
673271.34  166789.02   22
673280.97  166807.36   22
673288.21  166829.39   22
673293.53  166842.13   22
673304.57  166857.03   22
673326.44  166890.35   22
673336.27  166909.70   22
673369.01  166948.52   22
673436.26  167036.02   22
673463.30  167074.79   22
673518.43  167154.97   22
673568.45  167225.20   22
673598.68  167348.24   22
673620.56  167356.62   22
673649.43  167364.76   22
673676.78  167372.96   22
673687.06  167374.64   22
673676.91  167401.92   22
673699.71  167403.16   22
673736.44  167412.30   22
673782.75  167412.73   22
673809.82  167411.79   22
673834.40  167421.60   22
673852.33  167424.18   22
673884.00  167432.31   22
673894.98  167436.44   22
673921.49  167394.59   22
673939.51  167398.52   22
673980.60  167392.89   22
674154.31  167426.03   22
674237.55  167437.30   22
674277.03  167437.56   22
674311.26  167428.11   22
674348.46  167390.24   22
674377.11  167356.36   22
674395.20  167330.79   22
674413.83  167313.77   22
674455.43  167307.67   22
674501.80  167312.07   22
674576.75  167291.15   22
674595.95  167289.25   22
674609.01  167293.25   22
674677.19  167284.36   22
674710.40  167280.15   22
674750.15  167284.30   22
674767.57  167283.32   22
674793.50  167295.02   22
674821.90  167300.28   22
674848.26  167296.88   22
674878.58  167293.39   22
674895.99  167284.91   22
674925.79  167279.14   22
674942.32  167272.83   22
674952.49  167265.61   22
674969.81  167252.58   22
674976.26  167244.15   22
674986.78  167226.88   22
674997.13  167212.52   22
675003.79  167199.24   22
675010.13  167178.44   22
675016.52  167167.46   22
675019.14  167154.79   22
675019.97  167139.69   22
675022.37  167124.38   22
675025.76  167104.05   22
675030.22  167092.13   22
675028.78  167064.79   22
675031.30  167041.83   22
675034.50  167015.33   22
675032.48  166997.56   22
675033.87  166978.18   22
675064.36  166957.56   22
675081.81  166959.44   22
675093.03  166960.42   22
675101.30  166942.58   22
675137.80  166905.83   22
675145.34  166887.31   22
675144.43  166866.20   22
675148.58  166850.99   22
675158.75  166842.31   22
675171.26  166840.49   22
675190.61  166842.18   22
675190.44  166828.78   22
675199.25  166822.00   22
675210.19  166816.25   22
675205.97  166791.41   22
675219.39  166783.83   22
675233.80  166779.11   22
675249.57  166773.05   22
675256.19  166770.43   22
675266.23  166761.01   22
675274.72  166741.77   22
675280.46  166726.74   22
675267.51  166676.84   22
675255.13  166611.38   22
675221.74  166567.85   22
675215.24  166543.64   22
675231.86  166525.28   22
675244.28  166522.03   22
675230.85  166471.58   22
675214.08  166421.65   22
675203.59  166374.64   22
675190.66  166352.29   22
675163.91  166329.01   22
675139.02  166306.45   22
675103.21  166245.98   22
675104.81  166205.44   22
675126.02  166168.19   22
675159.47  166108.66   22
675206.53  165957.60   22
675189.58  165924.07   22
675191.44  165905.45   22
675218.54  165891.64   22
675213.61  165864.39   22
675185.64  165826.57   22
675161.23  165784.71   22
675164.00  165747.51   22
675143.08  165718.38   22
675137.37  165692.64   22
675123.14  165654.06   22
675125.18  165619.78   22
675118.17  165599.12   22
675122.88  165558.42   22
675125.84  165545.00   22
675125.82  165527.60   22
675111.81  165502.43   22
675089.75  165483.52   22
675076.64  165469.12   22
675058.68  165443.62   22
675037.84  165411.01   22
675010.34  165367.58   22
674982.54  165314.32   22
674958.11  165277.70   22
674936.10  165225.81   22
674903.33  165214.46   22
674848.89  165196.34   22
674850.90  165190.43   22
674857.28  165184.88   22
674867.81  165174.35   22
674885.74  165169.88   22
674916.11  165165.63   22
674943.60  165159.92   22
674963.58  165150.43   22
674970.88  165146.31   22
674987.27  165126.93   22
675000.13  165117.26   22
675015.98  165100.11   22
675036.68  165077.56   22
675041.73  165063.65   22
675041.54  165049.40   22
675038.79  165029.05   22
675035.54  165007.31   22
675030.15  164978.38   22
675022.59  164958.17   22
675022.64  164928.48   22
675005.04  164919.45   22
674994.26  164893.98   22
674986.27  164868.80   22
674977.62  164844.11   22
674970.01  164824.38   22
674955.04  164774.68   22
674937.06  164738.34   22
674940.80  164732.85   22
674942.35  164727.48   22
674956.15  164734.46   22
674979.48  164747.38   22
675007.43  164753.77   22
675021.70  164752.50   22
675047.93  164754.30   22
675069.81  164737.75   22
675083.88  164726.43   22
675092.96  164710.83   22
675096.13  164688.89   22
675101.88  164688.03   22
675100.01  164672.96   22
675093.95  164654.42   22
675094.15  164627.85   22
675085.69  164606.26   22
675076.02  164587.21   22
675070.15  164564.85   22
675063.78  164548.92   22
675056.26  164524.61   22
675044.70  164505.45   22
675019.39  164497.39   22
675005.07  164497.05   22
674985.36  164475.14   22
674962.30  164425.12   22
674956.27  164409.61   22
674956.28  164387.69   22
674948.77  164374.06   22
674930.84  164351.69   22
674905.97  164332.00   22
674877.55  164307.83   22
674852.71  164289.52   22
674827.58  164265.74   22
674814.25  164246.58   22
674804.62  164217.59   22
674794.42  164185.43   22
674793.08  164158.66   22
674794.73  164132.68   22
674799.55  164119.74   22
674835.08  164107.47   22
674827.62  164078.80   22
674833.43  164049.84   22
674842.40  164017.97   22
674849.47  163997.52   22
674858.45  163977.07   22
674868.29  163964.48   22
674887.00  163958.06   22
674906.45  163961.74   22
674922.34  163955.76   22
674934.65  163946.03   22
674944.11  163936.99   22
674954.84  163921.69   22
674964.74  163910.58   22
674977.51  163898.13   22
674990.23  163882.38   22
675006.40  163878.24   22
675028.14  163873.39   22
675045.97  163860.87   22
675056.32  163846.30   22
675065.32  163839.21   22
675085.51  163840.90   22
675107.89  163828.63   22
675115.18  163802.94   22
675117.39  163781.81   22
675117.79  163758.64   22
675121.86  163744.58   22
675129.16  163734.80   22
675124.59  163719.01   22
675112.02  163699.58   22
675097.86  163668.91   22
675048.81  163644.39   22
675006.16  163612.46   22
674974.47  163588.16   22
674967.14  163583.46   22
674969.14  163560.28   22
674988.87  163561.01   22
675030.58  163556.57   22
675063.77  163552.96   22
675078.84  163545.72   22
675085.47  163523.38   22
675092.95  163506.44   22
675092.08  163490.43   22
675076.06  163456.89   22
675065.35  163437.04   22
675057.82  163413.25   22
675048.72  163390.33   22
675046.49  163372.07   22
675042.65  163353.12   22
675049.47  163341.68   22
675067.14  163331.05   22
675080.25  163319.06   22
675085.14  163306.22   22
675090.31  163294.05   22
675091.75  163277.81   22
675086.42  163253.65   22
675064.39  163227.95   22
675025.20  163208.78   22
674998.87  163205.07   22
674975.39  163214.19   22
674959.22  163229.79   22
674954.03  163251.29   22
674947.62  163259.57   22
674906.32  163255.58   22
674890.18  163248.30   22
674869.48  163231.34   22
674839.61  163215.19   22
674813.89  163203.63   22
674796.38  163195.39   22
674768.93  163175.26   22
674754.49  163159.52   22
674734.93  163150.63   22
674685.93  163129.80   22
674667.73  163128.19   22
674641.73  163114.30   22
674615.68  163114.16   22
674564.07  163125.52   22
674532.03  163116.06   22
674534.93  163095.05   22
674555.72  163081.92   22
674577.42  163072.05   22
674598.77  163050.39   22
674595.08  163021.68   22
674600.34  162994.22   22
674596.71  162973.64   22
674583.99  162940.79   22
674565.74  162937.53   22
674551.39  162931.66   22
674525.27  162916.12   22
674480.40  162898.31   22
674459.45  162914.66   22
674437.20  162924.38   22
674402.00  162929.33   22
674371.40  162933.82   22
674344.14  162910.98   22
674328.34  162912.39   22
674289.30  162908.68   22
674262.15  162905.39   22
674245.92  162891.98   22
674235.48  162868.61   22
674232.37  162845.20   22
674260.42  162813.15   22
674281.29  162793.33   22
674293.51  162758.99   22
674306.44  162743.37   22
674336.37  162717.72   22
674353.20  162703.51   22
674361.83  162683.19   22
674367.10  162671.63   22
674378.93  162659.60   22
674394.88  162645.49   22
674414.84  162618.11   22
674427.50  162611.56   22
674451.47  162597.47   22
674462.38  162583.81   22
674455.06  162558.35   22
674435.93  162534.03   22
674413.36  162510.19   22
674379.66  162477.05   22
674357.85  162463.02   22
674337.13  162455.54   22
674299.82  162447.52   22
674268.84  162440.30   22
674231.96  162424.45   22
674205.70  162416.18   22
674172.65  162405.32   22
674146.42  162377.20   22
674125.15  162354.43   22
674095.24  162337.64   22
674064.35  162311.75   22
674041.44  162310.93   22
674023.81  162302.28   22
673987.30  162305.20   22
673940.56  162348.66   22
673924.65  162417.83   22
673915.86  162448.71   22
673924.59  162499.11   22
673917.81  162510.95   22
673895.77  162500.83   22
673873.10  162512.14   22
673840.81  162502.93   22
673814.91  162517.56   22
673787.05  162501.67   22
673755.24  162488.89   22
673720.79  162472.73   22
673674.79  162454.99   22
673638.18  162432.84   22
673600.04  162410.49   22
673573.67  162380.80   22
673546.84  162354.33   22
673517.66  162326.19   22
673477.47  162296.08   22
673451.13  162266.74   22
673427.39  162234.99   22
673413.71  162200.14   22
673383.23  162170.01   22
673360.30  162169.36   22
673337.05  162157.13   22
673306.90  162136.41   22
673303.85  162131.64   22
673298.46  162112.58   22
673274.00  162114.38   22
673250.00  162101.63   22
673226.97  162093.12   22
673209.53  162100.19   22
673182.10  162081.20   22
673149.18  162053.19   22
673129.75  162037.85   22
673115.78  162020.39   22
673107.97  161989.53   22
673108.05  161980.00   22
673111.79  161945.84   22
673124.74  161924.58   22
673117.77  161899.08   22
673097.74  161846.51   22
673044.93  161737.30   22
673019.74  161697.52   22
672992.88  161661.69   22
672961.53  161655.94   22
672935.33  161634.81   22
672902.75  161623.74   22
672885.95  161610.82   22
672867.58  161590.20   22
672875.18  161568.71   22
672886.65  161544.06   22
672871.42  161496.48   22
672852.50  161446.79   22
672828.46  161403.34   22
672800.86  161358.88   22
672790.71  161313.94   22
672767.58  161258.81   22
672745.71  161188.50   22
672735.98  161132.30   22
672722.62  161072.56   22
672722.69  161026.26   22
672721.24  160963.48   22
672728.55  160929.55   22
672734.34  160875.36   22
672741.48  160830.78   22
672752.63  160794.91   22
672758.35  160746.43   22
672772.50  160705.00   22
672775.35  160680.35   22
672770.68  160664.45   22
672781.18  160644.37   22
672796.64  160634.53   22
672816.73  160631.92   22
672824.53  160602.38   22
672838.88  160564.49   22
672848.47  160545.50   22
672871.10  160534.06   22
672882.71  160512.82   22
672904.66  160486.55   22
672902.93  160464.52   22
672908.48  160425.95   22
672938.06  160398.92   22
672961.67  160378.06   22
672975.62  160349.52   22
672985.05  160319.81   22
672998.16  160288.30   22
673011.05  160259.63   22
673022.95  160234.35   22
673032.20  160207.38   22
673048.24  160183.97   22
673073.96  160159.39   22
673087.06  160135.91   22
673103.70  160114.60   22
673125.33  160103.95   22
673127.37  160072.64   22
673127.26  160033.61   22
673120.87  160003.84   22
673118.00  159964.33   22
673112.69  159930.54   22
673108.65  159892.40   22
673109.21  159851.15   22
673112.08  159820.17   22
673113.19  159773.26   22
673110.57  159739.64   22
673118.88  159705.39   22
673114.13  159666.35   22
673109.34  159626.79   22
673081.17  159557.02   22
673069.57  159517.90   22
673044.88  159483.74   22
673029.51  159449.02   22
673005.46  159432.47   22
672985.99  159398.31   22
672951.43  159368.58   22
672911.63  159338.28   22
672884.06  159322.09   22
672857.53  159299.27   22
672833.25  159269.03   22
672822.32  159244.55   22
672789.65  159208.95   22
672737.22  159179.46   22
672698.92  159160.38   22
672677.03  159139.59   22
672652.12  159119.85   22
672635.66  159107.58   22
672595.31  159098.06   22
672572.73  159094.97   22
672543.49  159092.60   22
672521.24  159091.14   22
672498.31  159083.58   22
672473.13  159082.10   22
672449.60  159086.99   22
672440.95  159088.17   22
672431.95  159110.80   22
672383.63  159113.26   22
672369.14  159121.57   22
672356.83  159120.30   22
672318.94  159121.53   22
672280.65  159119.96   22
672241.70  159113.93   22
672226.65  159106.41   22
672208.61  159116.38   23
674715.13  165201.37   21
674665.80  165179.66   22
674626.62  165184.10   22
674596.53  165181.72   22
674563.56  165129.24   22
674543.33  165101.49   22
674518.99  165104.01   22
674492.96  165084.38   22
674493.37  165027.99   22
674505.74  164966.94   22
674481.57  164891.10   22
674452.08  164839.50   22
674435.87  164799.84   22
674403.81  164752.74   22
674397.32  164739.46   22
674426.18  164763.81   22
674510.60  164907.88   22
674530.98  164951.39   22
674538.01  165013.53   22
674558.28  165063.67   22
674580.93  165091.29   22
674605.97  165114.74   22
674630.50  165131.87   22
674655.39  165144.12   22
674675.10  165165.80   22
674695.85  165179.71   22
674710.20  165189.39   22
674715.13  165201.37   23
672208.61  159116.38   20
671855.58  162743.83   21
671786.96  162797.36   22
671768.23  162861.42   22
671730.19  162891.60   22
671705.83  162912.11   22
671704.42  162945.23   22
671706.66  162988.03   22
671715.51  163017.41   22
671720.02  163049.59   22
671720.20  163073.38   22
671704.43  163093.58   22
671701.23  163120.89   22
671706.34  163139.98   22
671702.71  163153.30   22
671688.75  163175.43   22
671678.99  163193.32   22
671670.57  163198.05   22
671657.44  163208.56   22
671638.11  163214.73   22
671618.89  163210.57   22
671606.82  163208.71   22
671596.53  163215.59   22
671580.24  163233.25   22
671588.24  163264.30   22
671566.94  163267.19   22
671556.40  163280.73   22
671540.46  163292.73   22
671542.60  163319.41   22
671538.59  163333.95   22
671539.04  163353.07   22
671537.75  163367.58   22
671528.97  163374.43   22
671518.16  163402.68   22
671523.08  163417.54   22
671528.34  163432.63   22
671532.12  163446.67   22
671537.50  163468.06   22
671535.13  163488.23   22
671521.78  163505.75   22
671511.86  163517.22   22
671505.68  163527.05   22
671492.85  163537.02   22
671506.37  163559.66   22
671504.64  163586.20   22
671500.75  163600.88   22
671488.05  163622.24   22
671483.91  163634.28   22
671477.28  163647.35   22
671464.89  163646.50   22
671447.70  163652.21   22
671437.22  163661.15   22
671425.18  163670.27   22
671415.33  163684.63   22
671403.98  163694.40   22
671390.26  163702.17   22
671385.10  163730.42   22
671390.42  163747.62   22
671380.29  163764.80   22
671368.05  163782.49   22
671351.87  163794.86   22
671333.61  163804.86   22
671318.06  163811.67   22
671307.30  163825.45   22
671306.99  163842.53   22
671327.93  163846.29   22
671348.21  163848.28   22
671355.94  163874.49   22
671348.18  163898.98   22
671338.50  163929.64   22
671336.09  163956.00   22
671327.07  163971.41   22
671317.74  163991.96   22
671311.92  164009.57   22
671314.77  164028.38   22
671317.56  164039.16   22
671309.03  164049.35   22
671324.42  164058.63   22
671329.48  164066.43   22
671345.87  164091.24   22
671363.70  164102.02   22
671361.30  164121.37   22
671359.34  164131.75   22
671365.08  164154.28   22
671369.79  164168.48   22
671368.21  164179.53   22
671365.11  164195.29   22
671357.99  164200.45   22
671365.27  164218.82   22
671363.98  164234.37   22
671359.75  164241.53   22
671352.47  164246.46   22
671348.33  164262.98   22
671354.43  164278.30   22
671359.00  164295.80   22
671357.91  164304.86   22
671350.38  164318.60   22
671343.60  164337.73   22
671350.68  164354.50   22
671357.19  164370.07   22
671355.97  164386.61   22
671351.37  164399.78   22
671349.57  164417.14   22
671350.83  164435.24   22
671347.00  164440.92   22
671342.51  164454.95   22
671349.89  164465.37   22
671357.04  164488.00   22
671364.17  164511.62   22
671369.91  164531.61   22
671373.54  164549.09   22
671376.50  164571.26   22
671397.07  164585.33   22
671396.43  164588.35   22
671383.46  164594.05   22
671382.96  164603.88   22
671401.61  164619.67   22
671430.67  164641.26   22
671440.31  164653.47   22
671438.72  164662.75   22
671446.72  164685.65   22
671448.51  164707.96   22
671447.93  164722.05   22
671453.85  164735.55   22
671464.06  164750.64   22
671482.97  164772.05   22
671493.94  164782.88   22
671499.15  164802.53   22
671482.70  164816.23   22
671494.56  164848.09   22
671501.05  164857.71   22
671523.06  164877.92   22
671533.47  164873.03   22
671539.25  164862.27   22
671560.10  164861.59   22
671567.70  164851.86   22
671574.46  164851.37   22
671591.14  164850.53   22
671602.20  164840.09   22
671619.64  164821.90   22
671649.74  164803.80   22
671666.83  164800.15   22
671682.87  164795.52   22
671692.43  164798.03   22
671713.61  164809.56   22
671726.59  164811.26   22
671725.33  164790.59   22
671735.28  164778.78   22
671749.49  164762.43   22
671788.12  164726.66   22
671800.82  164722.36   22
671821.63  164720.38   22
671836.83  164696.65   22
671868.81  164680.67   22
671878.79  164660.72   22
671895.24  164644.40   22
671904.37  164640.72   22
671912.96  164639.75   22
671930.28  164646.02   22
671940.63  164636.35   22
671944.88  164612.73   22
671957.63  164584.45   22
671972.92  164568.78   22
671976.81  164530.11   22
671975.15  164500.92   22
671919.63  164482.04   22
671874.27  164451.23   22
671858.52  164413.20   22
671860.87  164376.36   22
671884.15  164337.80   22
671893.84  164324.60   22
671912.15  164298.15   22
671924.70  164271.49   22
671932.59  164244.98   22
671943.20  164208.88   22
671964.69  164178.04   22
671980.03  164157.94   22
672019.19  164108.11   22
672082.22  164071.51   22
672101.63  164044.67   22
672115.58  164008.28   22
672122.16  163959.45   22
672137.62  163927.30   22
672160.88  163888.44   22
672166.17  163816.18   22
672176.60  163773.86   22
672175.29  163761.67   22
672194.19  163728.38   22
672207.28  163710.92   22
672250.61  163717.21   22
672268.98  163711.31   22
672307.08  163731.67   22
672334.80  163732.62   22
672390.06  163718.32   22
672378.75  163678.99   22
672365.26  163635.72   22
672364.76  163592.09   22
672360.73  163549.00   22
672370.08  163483.52   22
672395.39  163446.10   22
672411.46  163379.96   22
672407.24  163335.86   22
672380.14  163340.38   22
672358.50  163380.90   22
672325.06  163405.62   22
672306.27  163407.00   22
672290.56  163388.56   22
672271.65  163395.54   22
672269.05  163414.61   22
672255.66  163486.15   22
672241.16  163517.42   22
672197.78  163538.79   22
672157.13  163560.73   22
672123.17  163569.04   22
672107.89  163603.53   22
672090.78  163631.31   22
672096.35  163668.30   22
672089.68  163697.74   22
672073.23  163721.60   22
672058.51  163715.03   22
672041.30  163685.90   22
672020.73  163698.10   22
671985.28  163701.31   22
671966.14  163700.91   22
671956.14  163719.18   22
671925.96  163713.92   22
671919.13  163745.80   22
671913.21  163788.13   22
671903.16  163818.50   22
671856.44  163811.33   22
671831.84  163861.12   22
671790.67  163868.55   22
671745.81  163879.48   22
671712.19  163906.30   22
671688.06  163886.21   22
671675.57  163855.42   22
671680.01  163831.43   22
671711.22  163797.12   22
671720.80  163761.64   22
671722.66  163720.71   22
671731.94  163681.94   22
671746.14  163652.02   22
671763.83  163675.46   22
671763.65  163675.62   22
671778.83  163647.67   22
671800.76  163600.37   22
671819.32  163573.47   22
671829.46  163547.98   22
671847.33  163523.01   22
671866.83  163492.38   22
671868.05  163476.36   22
671884.71  163459.49   22
671905.77  163446.42   22
671943.05  163420.37   22
671974.59  163403.84   22
671987.31  163372.79   22
671987.31  163346.38   22
671998.42  163318.76   22
671978.97  163232.87   22
671999.28  163157.76   22
672016.61  163085.89   22
672016.60  163043.24   22
671976.48  163075.56   22
671942.28  162992.49   22
671941.93  162913.38   22
671942.55  162864.06   22
671912.73  162807.57   22
671896.96  162764.88   22
671901.35  162734.68   22
671861.61  162742.56   22
671855.58  162743.83   23
672208.61  159116.38   20
